5,10
[floor1]
0,0,0,0,0,0,,0,-1,UP
0,A1,0,K2,0,0,0,0,D3,UP
0,0,0,-1,-1,-1,D2,-1,-1,-1
K3,0,0,-1,0,K1,0,0,0,0
0,0,0,D1,0,0,0,0,0,K4
[floor2]
K6,0,0,0,0,0,0,0,0,DO
0,0,-1,-1,-1,-1,-1,-1,0,DO
0,0,0,-1,0,K5,0,-1,0,0
0,0,0,-1,-1,D6,-1,0,0,0
0,0,0,0,0,0,0,0,0,UP
[floor3]
-1,T1,-1,0,D4,0,0,0,-1,0
0,0,D7,0,-1,0,T1,0,D5,0
-1,-1,-1,-1,-1,-1,-1,-1,-1,0
K4,0,0,0,0,0,0,0,0,0
0,0,0,UP,0,0,0,0,0,DO
[floor4]
0,0,0,0,0,0,0,D8,0,K7
0,0,0,0,0,0,0,-1,0,0
0,0,0,K8,0,0,0,-1,0,-1
0,0,0,0,0,0,0,-1,0,0
0,0,0,DO,0,0,0,-1,-1,-1